0.0 0.0 0.0 0.0
0.0 0.1 0.0 0.0
0.0 0.2 0.0 0.0
0.0 0.3 0.0 0.0
0.0 0.4 0.0 0.0
0.0 0.5 0.0 0.0
0.0 0.6 0.0 0.0
0.0 0.7 0.0 0.0
0.0 0.8 0.0 0.0
0.0 0.9 0.0 0.0
0.0 1.0 0.0 0.0
0.1 0.0 0.0 0.0
0.1 0.1 0.0 0.0
0.1 0.2 0.0 0.0
0.1 0.3 0.0 0.0
0.1 0.4 0.0 0.0
0.1 0.5 0.0 0.0
0.1 0.6 0.0 0.0
0.1 0.7 0.0 0.0
0.1 0.8 0.0 0.0
0.1 0.9 0.0 0.0
0.1 1.0 0.0 0.0
0.2 0.0 0.0 0.0
0.2 0.1 0.0 0.0
0.2 0.2 0.0 0.0
0.2 0.3 0.0 0.0
0.2 0.4 0.0 0.0
0.2 0.5 0.0 0.0
0.2 0.6 0.0 0.0
0.2 0.7 0.0 0.0
0.2 0.8 0.0 0.0
0.2 0.9 0.0 0.0
0.2 1.0 0.0 0.0
0.3 0.0 0.0 0.0
0.3 0.1 0.0 0.0
0.3 0.2 0.0 0.0
0.3 0.3 0.00036844444444444446 0.004046843950617284
0.3 0.4 0.005496888888888889 0.07485342024691358
0.3 0.5 0.019646666666666666 0.36237544444444447
0.3 0.6 0.039273333333333334 0.6587958888888891
0.3 0.7 0.06704177777777778 0.5584876365432079
0.3 0.8 0.1073951111111111 0.5866110513580323
0.3 0.9 0.12476977777777777 0.6968581609876652
0.3 1.0 0.13436577777777778 0.7586499609876599
0.4 0.0 0.0 0.0
0.4 0.1 0.0 0.0
0.4 0.2 0.04462 0.43773899999999993
0.4 0.3 0.10517511111111112 0.5189406735802419
0.4 0.4 0.15430044444444446 0.5724525550617138
0.4 0.5 0.18729777777777779 0.5364196543209837
0.4 0.6 0.21588888888888888 0.47951135802471545
0.4 0.7 0.23575066666666666 0.4843703599999892
0.4 0.8 0.25415866666666664 0.4089126177777769
0.4 0.9 0.2644364444444444 0.5185833461728413
0.4 1.0 0.2753555555555556 0.42158128395059613
0.5 0.0 0.0 0.0
0.5 0.1 0.02580755555555556 0.43776207950617246
0.5 0.2 0.10891377777777778 0.521701858765434
0.5 0.3 0.17222622222222222 0.4756280587654328
0.5 0.4 0.2200511111111111 0.4453468024691334
0.5 0.5 0.2549866666666667 0.38431377777776216
0.5 0.6 0.28090844444444446 0.404174155061692
0.5 0.7 0.30288933333333334 0.3829289377777372
0.5 0.8 0.31742977777777776 0.42129511654321106
0.5 0.9 0.332744 0.38897615999998525
0.5 1.0 0.34179377777777775 0.4216919032099191
0.6 0.0 0.0 0.0
0.6 0.1 0.05541911111111111 0.6495817535802461
0.6 0.2 0.14242711111111112 0.49312660691358035
0.6 0.3 0.20707511111111113 0.498336562469136
0.6 0.4 0.256864 0.4576013155555818
0.6 0.5 0.29357777777777777 0.4079240987653844
0.6 0.6 0.32181288888888887 0.40974669580250045
0.6 0.7 0.34462 0.3787594444444403
0.6 0.8 0.36165644444444445 0.36842803506175986
0.6 0.9 0.3770342222222222 0.3698917387654539
0.6 1.0 0.38963200000000003 0.31938855111110026
0.7 0.0 0.0 0.0
0.7 0.1 0.06986755555555556 0.5648085906172841
0.7 0.2 0.161012 0.4434587511111167
0.7 0.3 0.23165777777777777 0.399028098765458
0.7 0.4 0.28131422222222224 0.3884833832098637
0.7 0.5 0.3224048888888889 0.380993273580214
0.7 0.6 0.3505 0.37045277777779845
0.7 0.7 0.3731751111111111 0.29798245135801843
0.7 0.8 0.39401555555555556 0.35101495061730964
0.7 0.9 0.409596 0.3209159600000363
0.7 1.0 0.42160088888888886 0.3099751091358252
0.8 0.0 0.0 0.0
0.8 0.1 0.07894222222222222 0.8901112098765444
0.8 0.2 0.175084 0.5208690266666818
0.8 0.3 0.24853111111111112 0.42192102469136006
0.8 0.4 0.30163688888888884 0.36773748691361396
0.8 0.5 0.34261644444444445 0.36199976839507
0.8 0.6 0.3723368888888889 0.32511182024693114
0.8 0.7 0.3967075555555556 0.32403196839503945
0.8 0.8 0.41710844444444445 0.3231639328395016
0.8 0.9 0.43309733333333333 0.3326523155555129
0.8 1.0 0.446488 0.31752641777778046
0.9 0.0 0.0 0.0
0.9 0.1 0.08592177777777778 0.8110113698765432
0.9 0.2 0.1867742222222222 0.44438589432099834
0.9 0.3 0.2604835555555555 0.40316743506174535
0.9 0.4 0.3156333333333333 0.39135055555552245
0.9 0.5 0.35813155555555554 0.3817513995062094
0.9 0.6 0.39062355555555556 0.32179905728399755
0.9 0.7 0.41448577777777784 0.33982027209866794
0.9 0.8 0.4368653333333334 0.3290635511110537
0.9 0.9 0.4525862222222222 0.3008737476543523
0.9 1.0 0.4671395555555556 0.3106193106171675
1.0 0.0 0.0 0.0
1.0 0.1 0.09091244444444443 0.7325635017283988
1.0 0.2 0.19484755555555555 0.4925521239506197
1.0 0.3 0.269652 0.38979279555557295
1.0 0.4 0.3281346666666667 0.3943186622221954
1.0 0.5 0.37041911111111114 0.34234442024691963
1.0 0.6 0.40296533333333334 0.3305165511111729
1.0 0.7 0.43045377777777777 0.29635943654328584
1.0 0.8 0.4512524444444444 0.3153957906172611
1.0 0.9 0.46874 0.3454047777778469
1.0 1.0 0.48388933333333334 0.29063649333333597
